0.0000 34.6300 0.8658 1025.4789 108.4433 1133.9222 853.6700 853.6700 834.1200 390.0800 3.9980 0.5900 699.2600
1.3600 34.6300 0.8632 1012.9689 146.7125 1159.6814 864.6900 864.6900 844.4700 389.4800 3.9980 0.5900 699.9600
2.7200 34.6300 0.8615 1003.0651 176.4137 1179.4788 873.8000 873.8000 853.3900 388.8600 3.9980 0.5900 700.6600
4.0800 34.6300 0.8603 995.8252 197.5503 1193.3755 880.5400 880.5400 860.0500 388.2300 3.9980 0.5900 701.3800
5.4400 34.6300 0.8594 991.0903 209.7242 1200.8144 884.8400 884.8400 864.2000 387.6000 3.9980 0.5900 702.1100
6.8100 34.6300 0.8591 989.0309 214.0742 1203.1051 886.8600 886.8600 866.3300 386.9600 3.9980 0.5900 702.8500
8.1700 34.6300 0.8589 988.2094 213.7741 1201.9835 887.6100 887.6100 867.0900 386.3200 3.9980 0.5900 703.5800
9.5300 34.6300 0.8588 987.3841 213.6151 1200.9992 888.3800 888.3800 867.9000 385.6800 3.9980 0.5900 704.3200
10.8900 34.6300 0.8587 986.5183 213.9706 1200.4889 889.2700 889.2700 868.9000 385.0400 3.9980 0.5900 705.0600
12.2500 34.6300 0.8586 985.8003 213.6619 1199.4622 889.9900 889.9900 869.6800 384.3900 3.9980 0.5800 705.8000
13.6100 34.6300 0.8585 984.9526 213.7454 1198.6979 890.8100 890.8100 870.5600 383.7400 3.9980 0.5800 706.5400
14.9700 34.6300 0.8583 984.0784 213.5114 1197.5898 891.5700 891.5700 871.2900 383.1000 3.9980 0.5800 707.2800
16.3300 34.6300 0.8583 983.3637 213.6917 1197.0554 892.3800 892.3800 872.2600 382.4500 3.9980 0.5800 708.0300
17.6900 34.6300 0.8581 982.5189 213.3928 1195.9117 893.1100 893.1100 872.9600 381.8000 3.9980 0.5800 708.7800
19.0600 34.6300 0.8580 981.7470 213.4632 1195.2101 893.9000 893.9000 873.8500 381.1500 3.9980 0.5800 709.5300
20.4200 34.6300 0.8579 980.9695 213.5062 1194.4757 894.6800 894.6800 874.7100 380.4900 3.9980 0.5800 710.2800
21.7800 34.6300 0.8577 980.1092 213.2345 1193.3437 895.4200 895.4200 875.4000 379.8400 3.9980 0.5800 711.0300
23.8600 34.6100 0.8586 979.8304 213.8344 1193.6648 896.9000 896.9000 876.9200 378.8300 3.9980 0.5800 712.1800
25.9500 34.5400 0.8619 982.5513 213.0818 1195.6331 898.1700 898.1700 878.3500 377.8200 3.9980 0.5800 713.3400
28.0300 34.4200 0.8672 987.0613 213.0793 1200.1406 899.9500 899.9500 880.0500 376.8100 3.9980 0.5800 714.5100
30.1200 34.2500 0.8749 994.0628 212.9994 1207.0622 901.9100 901.9100 881.9400 375.7900 3.9980 0.5800 715.6800
32.2000 34.0300 0.8852 1003.6608 213.2010 1216.8618 904.2900 904.2900 884.1900 374.7600 3.9980 0.5900 716.8700
34.2800 33.7600 0.8981 1016.2779 212.2805 1228.5584 906.4900 906.4900 886.3500 373.7200 3.9980 0.5900 718.0600
36.3700 33.4500 0.9131 1030.4942 212.7054 1243.1996 909.5300 909.5300 889.0900 372.6700 3.9980 0.6000 719.2300
38.4500 33.0800 0.9314 1048.4618 210.3163 1258.7781 912.4500 912.4500 891.8700 371.6100 3.9980 0.6000 720.3300
40.5400 32.6700 0.9536 1069.4080 210.6164 1280.0245 916.6300 916.6300 895.9000 370.5300 3.9980 0.6100 721.4500
42.6200 32.2000 0.9786 1093.5013 210.2633 1303.7646 920.7600 920.7600 899.7400 369.4400 3.9980 0.6200 722.5800
44.7100 31.6800 1.0073 1120.7947 211.2049 1331.9996 925.4000 925.4000 904.0900 368.3400 3.9980 0.6300 723.7300
46.7900 31.1000 1.0423 1154.5949 209.8456 1364.4405 930.3300 930.3300 908.6400 367.2200 3.9980 0.6400 724.9000
48.8800 30.4800 1.0810 1192.2917 208.2182 1400.5100 935.1500 935.1500 912.9800 366.0700 3.9980 0.6600 726.0900
50.9600 29.7900 1.1266 1235.7933 208.6753 1444.4686 941.1900 941.1900 918.5100 364.9100 3.9980 0.6700 727.3000
53.0400 29.0600 1.1792 1285.9052 208.6407 1494.5459 947.5800 947.5800 924.2200 363.7200 3.9980 0.6900 728.5400
55.1300 28.2600 1.2401 1344.4174 206.8433 1551.2607 954.0200 954.0200 929.9300 362.5000 3.9980 0.7100 729.8100
57.2100 27.4000 1.3113 1411.4466 207.6493 1619.0959 961.7300 961.7300 936.8000 361.2400 3.9980 0.7400 731.1100
59.3000 26.4800 1.3958 1491.0822 205.6859 1696.7681 969.7700 969.7700 943.7300 359.9500 3.9980 0.7700 732.4500
61.3800 25.5000 1.4942 1583.0627 204.8633 1787.9259 978.5900 978.5900 951.2300 358.6300 3.9980 0.8000 733.8300
63.4700 24.4500 1.6119 1692.1002 203.9579 1896.0581 988.3000 988.3000 959.4700 357.2500 3.9980 0.8400 735.2600
65.5500 23.3300 1.7550 1823.0479 202.5911 2025.6390 999.2300 999.2300 968.5500 355.8200 3.9980 0.8900 736.7500
67.6400 22.1500 1.9299 1981.3242 200.4162 2181.7404 1011.3300 1011.3300 978.4100 354.3400 3.9980 0.9400 738.2900
69.7200 20.9400 2.1345 2162.9558 200.4980 2363.4538 1024.6000 1024.6000 988.9700 352.8000 3.9980 1.0100 739.8800
71.8000 19.7400 2.3761 2372.6388 197.2716 2569.9104 1039.3100 1039.3100 1000.6100 351.2100 3.9980 1.0800 741.3900
73.8900 18.5400 2.6620 2616.1024 196.0692 2812.1716 1055.0300 1055.0300 1012.7700 349.5700 3.9980 1.1700 742.9500
75.9700 17.3300 3.0044 2903.9284 191.5852 3095.5137 1071.1100 1071.1100 1024.5700 347.8700 3.9980 1.2700 744.5700
78.0600 16.1300 3.4207 3246.5791 189.0605 3435.6396 1088.4200 1088.4200 1036.8000 346.1100 3.9980 1.4000 746.2500
80.1400 14.9300 3.9332 3661.5014 183.9003 3845.4017 1106.3200 1106.3200 1048.5900 344.2700 3.9980 1.5500 748.0000
82.2300 13.7200 4.5739 4169.6831 179.4515 4349.1345 1125.2300 1125.2300 1059.9700 342.3400 3.9980 1.7300 749.8400
84.3100 12.5200 5.3898 4804.4644 173.4864 4977.9507 1144.8400 1144.8400 1070.2000 340.3200 3.9980 1.9700 751.7700
86.4000 11.3200 6.4443 5611.9387 162.0298 5773.9685 1164.2800 1164.2800 1077.6400 338.1800 3.9980 2.2900 753.8000
88.4800 10.1300 7.8110 6645.2442 144.7404 6789.9846 1182.1800 1182.1800 1080.2900 335.9400 3.9980 2.7300 755.9400
90.5600 9.2600 9.0477 7578.0487 122.1190 7700.1677 1191.7400 1191.7400 1076.2100 333.7000 3.9980 3.1700 758.0700
92.6500 8.7900 9.7425 8110.3467 98.7019 8209.0487 1191.7300 1191.7300 1068.5400 331.5100 3.9990 3.4700 760.0500
94.4800 8.6600 9.7052 8127.0965 84.3127 8211.4092 1181.0300 1181.0300 1057.7700 329.6200 3.9990 3.5600 761.7000
98.6500 9.8100 7.0000 6199.5455 19.0825 6218.6280 1109.5300 1109.5300 1016.2200 325.5400 3.9990 2.8400 765.3200
102.8200 11.0500 5.3354 4901.1986 8.4454 4909.6440 1065.1700 1065.1700 991.5000 321.8100 3.9990 2.3300 768.6200
106.9900 12.2100 4.2778 4038.4792 5.2720 4043.7512 1031.8100 1031.8100 971.1300 318.4400 4.0000 1.9900 771.6000
111.1600 13.2900 3.5573 3431.6992 3.5688 3435.2680 1005.1800 1005.1800 953.6300 315.3300 4.0000 1.7600 774.3600
115.3200 14.2900 3.0428 2985.4361 2.6185 2988.0547 983.9600 983.9600 939.1000 312.4200 4.0000 1.5800 776.9000
119.4900 15.2000 2.6625 2643.0779 2.0016 2645.0795 968.4800 968.4800 928.7800 309.6700 4.0000 1.4500 779.2000
123.6600 16.0500 2.3746 2379.8790 1.5045 2381.3835 955.7200 955.7200 919.9600 307.0500 4.0000 1.3400 781.3800
127.8300 16.8100 2.1537 2174.7234 1.1763 2175.8997 945.4300 945.4300 912.7700 304.5500 4.0000 1.2600 783.4500
135.7400 18.0500 1.8572 1894.3684 0.8165 1895.1849 931.1400 931.1400 902.6900 300.0000 4.0000 1.1400 787.2800
