32.0 34.08890226614017 1.1044822598759068 1971.8427279880252 107.18559459371441 2079.0283225817398 584.2610353818144 584.2610353818144 480.30961925272743 417.6742871454048 5.063127490120551 0.6194088559202017 667.573019919561
33.0 34.08890226614017 1.1044822598759068 1973.087217037596 107.18559459371441 2080.2728116313106 583.1342730110811 583.1342730110811 479.1206324295155 416.99021454514747 5.063129563271885 0.6185255740037081 668.5263437613177
34.0 34.08890226614017 1.1044822598759068 1973.5539004311852 107.18559459371441 2080.7394950248995 582.7117371220562 582.7117371220562 478.6747623708112 416.30412898253786 5.06313163526496 0.6176467804295483 669.4775292506121
35.0 34.08890226614017 1.1044822598759068 1974.4872672183628 107.18559459371441 2081.6728618120774 581.8666653440062 581.8666653440062 477.7830222534023 415.6162722598942 5.063133706127836 0.6167727569516831 670.42624021729
36.00000000000001 34.08890226614017 1.1044822598759068 1975.4206340055407 107.18559459371441 2082.6062285992552 581.0215935659562 581.0215935659562 476.89128213599344 414.92647521835556 5.063135775889075 0.6159032592534694 671.372710403854
37.0 34.08890226614017 1.1044822598759068 1976.3540007927188 107.18559459371441 2083.539595386433 580.1765217879063 580.1765217879063 475.99954201858463 414.23472257652503 5.063137844577064 0.6150382412031985 672.3169598408036
38.0 34.08890226614017 1.1044822598759068 1977.2873675798967 107.18559459371441 2084.472962173611 579.3314500098563 579.3314500098563 475.1078019011758 413.54099902157964 5.0631399122202785 0.6141776569080721 673.2590087911005
39.0 34.08890226614017 1.1044822598759068 1978.6874177606637 107.18559459371441 2085.8730123543783 578.0638423427813 578.0638423427813 473.7701917250624 412.84528921495996 5.063141978847292 0.613321460707084 674.1988777546673
40.0 34.08890226614017 1.1044822598759068 1980.087467941431 107.18559459371441 2087.2730625351455 576.7962346757064 576.7962346757064 472.4325815489491 412.1474212800263 5.063144044486778 0.6124694168270305 675.1367972849285
41.0 34.08890226614017 1.1044822598759068 1980.087467941431 107.18559459371441 2087.2730625351455 576.7962346757064 576.7962346757064 472.4325815489491 411.44737869053955 5.063146109167309 0.6116214831764111 676.0727866589713
42.0 34.08890226614017 1.1044822598759068 1981.3319569910013 107.18559459371441 2088.517551584716 575.669472304973 575.669472304973 471.24359472573724 410.74561676208003 5.063148172917586 0.6107781826092662 677.0062393929657
43.0 34.08890226614017 1.1044822598759068 1982.8875683029644 107.18559459371441 2090.0731628966787 574.2610193415566 574.2610193415566 469.7573611967226 410.0417019470783 5.063150235767049 0.6099389648240524 677.9377353451273
44.0 34.08890226614017 1.1044822598759068 1983.8209350901425 107.18559459371441 2091.006529683857 573.4159475635065 573.4159475635065 468.86562107931366 409.33551268637336 5.063152297744711 0.6091036630911667 678.8674335220328
45.0 34.08890226614017 1.1044822598759068 1984.987643574115 107.18559459371441 2092.17323816783 572.359607840944 572.359607840944 467.75094593255255 408.6272432975877 5.063154358879613 0.6082724839810623 679.795077701465
46.0 34.08890226614017 1.1044822598759068 1984.987643574115 107.18559459371441 2092.17323816783 572.359607840944 572.359607840944 467.75094593255255 407.9167989490325 5.063156419201196 0.6074452911123323 680.7207933975118
47.0 34.08890226614017 1.1044822598759068 1986.1543520580876 107.18559459371441 2093.339946651802 571.3032681183817 571.3032681183817 466.63627078579157 407.20456183966087 5.063158478738964 0.6066225000805033 681.6440874789423
47.32 34.08890226614017 1.1044822598759068 1987.0877188452657 107.18559459371441 2094.27331343898 570.4581963403316 570.4581963403316 465.7445306683826 406.9763343655701 5.063159137549855 0.6063602078628595 681.9389451180655
48.32 34.08337173529861 1.1048048182404309 1988.6016558422457 107.18554676805363 2095.787202610299 569.6131245622817 569.6131245622817 464.8237644317667 406.26099203479157 5.063161196099133 0.6056511133915259 682.8600063055562
49.32 34.06677811240619 1.1057734914938278 1991.279620902318 107.18540303999451 2098.465023942312 568.7680527842317 568.7680527842317 463.8448015871161 405.5434328140468 5.063163254741841 0.6051631257669905 683.7792006949389
50.32 34.039115302630954 1.1073912813817097 1995.1286595954823 107.18516265356008 2102.3138222490425 567.9229810061818 567.9229810061818 462.80728989372966 404.82350005317824 5.063165315125147 0.6048959957332014 684.696729960974
51.32000000000001 34.000373135474455 1.1096632151291517 1999.2217331027591 107.1848243395809 2106.4065574423403 567.9229810061818 567.9229810061818 462.6026531340648 404.1010350223069 5.063167378902876 0.604850033774207 685.6127950565532
52.32000000000001 33.950537346047746 1.112596382249592 2005.9164065690188 107.18438630170591 2113.1007928707245 566.6553733391069 566.6553733391069 461.00033369557065 403.37620011997126 5.063169447742144 0.6050264730681203 686.5271895137549
53.32000000000001 33.88958954874545 1.1161999867550345 2012.4131571772039 107.1838461964568 2119.5970033736608 566.6553733391069 566.6553733391069 460.67552317042384 402.6483476377314 5.063171523330356 0.6054262201790618 687.4407259773413
54.32000000000001 33.81750720320363 1.12048541546214 2021.5594657015022 107.18320110695326 2128.7426668084554 565.3877656720318 565.3877656720318 458.9506323316091 401.9177980151169 5.063173607381462 0.606051842580598 688.352995482246
55.32000000000001 33.734263572394454 1.1254663233117774 2030.5455902020449 107.18244750981238 2137.7280377118573 565.3877656720318 565.3877656720318 458.50136378643896 401.1838935513924 5.06317570164394 0.6069054322228292 689.2648102078238
56.32000000000001 33.639827672674315 1.1311587368621288 2041.7712563164384 107.18158123458743 2148.952837551026 564.5426938939819 564.5426938939819 457.0950520164306 400.4469515285154 5.06317780790753 0.6079907738211908 690.1757645011566
57.32000000000001 33.53416421556638 1.1375811773828657 2053.36348281446 107.18059741495381 2160.544080229414 564.5426938939819 564.5426938939819 456.5154898825112 399.70646741517777 5.063179928011875 0.6093114016024582 691.0864697452997
58.32000000000001 33.417233541019584 1.1447548052765393 2066.956493566873 107.17949043067188 2174.1359839975453 563.9793127086153 563.9793127086153 455.2725135087381 398.9625904417533 5.063182063854314 0.6108722377462306 691.9967277463257
59.320000000000014 33.28899154184618 1.1527035878905212 2081.6328625190954 107.17825383914484 2188.8111163582403 563.697622115932 563.697622115932 454.25706629801994 398.214914885372 5.0631842173992725 0.6126783155934808 692.907018923763
60.320000000000014 33.149389578996576 1.1614544931669726 2097.4352222261523 107.17688029514557 2204.6121025212974 563.697622115932 563.697622115932 453.4670169898671 397.46336107547336 5.063186390684839 0.6147357735538311 693.8174207593763
61.320000000000014 32.99837438728519 1.1710377120196143 2114.7405535121225 107.17536145699431 2221.915914969117 563.697622115932 563.697622115932 452.6018263674761 396.70784574136593 5.063188585841411 0.6170515441240978 694.7280141722257
62.320000000000014 32.835887971131335 1.1814869128365748 2133.609649396627 107.17368787712334 2240.78333727375 563.697622115932 563.697622115932 451.65845525224444 395.94816863344244 5.063190805095053 0.6196332870853483 695.6390190579142
63.320000000000014 32.661867489827785 1.1928395321010583 2154.1101064311283 107.17184887330791 2261.2819553044365 563.697622115932 563.697622115932 450.6335243507101 395.18412289509286 5.063193050782439 0.6224895696696351 696.5506594417773
64.32000000000002 32.47624513179127 1.2051371058256757 2175.637971483388 107.16983238323002 2282.807803866618 564.2610033012985 564.2610033012985 450.1206131079676 394.415494504609 5.063195325364466 0.6256299358279025 697.4631640127324
65.32000000000002 32.27894797718932 1.2184256472938035 2199.969962495343 107.16762478835169 2307.137587283695 563.9793127086153 563.9793127086153 448.6224333444306 393.6422922894859 5.063197631441278 0.6290652299194529 698.3764949647699
66.32000000000002 32.06989784826947 1.232756077592886 2225.1490578564576 107.16521071240582 2332.3142685688636 564.5426938939819 564.5426938939819 447.9269804655387 392.8639416104527 5.063199971769007 0.6328068313504764 699.2912999413902
67.32000000000002 31.849011146644568 1.2481847165538682 2251.941933464719 107.16257278479497 2359.104506249514 565.3877656720318 565.3877656720318 447.4325403595561 392.08055216036917 5.063202349278115 0.636868103638423 700.2074160336751
68.32000000000002 31.616198676707633 1.264773843084418 2281.870140548494 107.15969136331063 2389.029831911804 565.3877656720318 565.3877656720318 445.93627407644163 391.2919969864363 5.063204767094394 0.6412635342924854 701.1249588806184
69.32000000000002 31.37136545426142 1.2825923355185243 2312.3903358940242 107.15654420841585 2419.54688010244 566.6553733391069 566.6553733391069 445.67802933398485 390.49766673888416 5.063207228562151 0.6460086077809719 702.0445995759571
70.32000000000002 31.114410499351695 1.3017164045707217 2346.867399052571 107.15310609958586 2454.0205051521566 566.6553733391069 566.6553733391069 443.954348081499 389.6978295117816 5.063209737270338 0.6511214019624323 702.9659882215375
71.32000000000002 30.845226612185638 1.3222304338549755 2382.174131621814 107.14934838204596 2489.32348000386 567.9229810061818 567.9229810061818 443.45680700598876 388.8916691464593 5.063212297082474 0.6566206777613899 703.8900222024046
72.32000000000002 30.563700130899 1.3442279458016493 2420.667398974701 107.1452384295346 2527.8126374042354 568.7680527842317 568.7680527842317 442.3774209140199 388.0794376039456 5.0632149121701255 0.6625283680270095 704.816366540609
73.32000000000002 30.269710669803885 1.3678127143019243 2461.980167994293 107.14073900530326 2569.1209069995966 569.6131245622817 569.6131245622817 441.1570792123018 387.2606510751366 5.063217587051569 0.6688678859830794 705.7455264080802
74.32000000000002 29.96313083660372 1.393100049680618 2505.1385556928503 107.13580749923268 2612.274363192083 571.3032681183817 571.3032681183817 440.6895499587775 386.4349912208993 5.063220326635642 0.6756653470024861 706.6778112015179
75.32000000000002 29.643825926898444 1.4202182868410458 2552.4005479557522 107.1303950134223 2659.5309429691747 572.359607840944 572.359607840944 439.3830606924853 385.60249951280286 5.063223136272329 0.6829500845547016 707.6131215452568
76.32000000000002 29.31165359412215 1.4493105138895743 2601.925590927621 107.12444526153435 2709.050036189156 574.2610193415566 574.2610193415566 438.8085175320988 384.762546983336 5.063226021811077 0.6907538902896535 708.5521082910041
77.32000000000002 28.9664634928513 1.4805365865556188 2655.479094816537 107.11789323804433 2762.596988054581 575.9511628976564 575.9511628976564 437.8213134949274 383.9151482762682 5.06322898966826 0.6991128388625285 709.4946958736238
78.32000000000002 28.60809689319406 1.5140754836929986 2712.4310693318384 107.11066360170896 2819.5417329335473 578.0638423427813 578.0638423427813 437.0867556961039 383.0598253822368 5.0632320469057435 0.7080665307852441 710.4413547626824
79.32000000000004 28.236386263714262 1.5501280716259205 2775.0485314801026 107.10266870209976 2882.1512001822025 579.3314500098563 579.3314500098563 435.2238900007462 382.1963692777145 5.063235201322612 0.7176594723148755 711.392251242868
80.32000000000004 27.851154820054873 1.5889203608023974 2840.460830382501 107.09380615771512 2947.5546365402165 581.8666653440062 581.8666653440062 434.4889335169953 381.3239576561165 5.0632384615628325 0.7279407482639456 712.3482192831176
81.32000000000004 27.452216036099152 1.630707358083605 2911.2511318846286 107.08395586726135 3018.3350877518897 584.2610353818144 584.2610353818144 433.3442809942199 380.4427327610748 5.063241837242306 0.7389665337471919 713.3090278645393
82.32000000000004 27.03937311413862 1.6757776432842852 2986.513789763567 107.072976299765 3093.5867660633317 587.3596319013309 587.3596319013309 432.6802935981643 379.5521529224542 5.063245339099272 0.7507991680233713 714.2751912884828
83.32000000000004 26.612418410097302 1.724458830966843 3067.4341057679317 107.06069986086413 3174.4948056287963 590.7399190135308 590.7399190135308 432.01517873209093 378.6520560703836 5.063248979173719 0.763509412931746 715.2468055491612
84.32000000000004 26.171132809385863 1.7771241202456074 3155.4725711897977 107.04692706709018 3262.519498256888 593.9089381812181 593.9089381812181 430.7829632683737 377.7420521417937 5.0632527710222 0.7771770487811254 716.2242096674088
85.32000000000004 25.715285048415485 1.8342001895581865 3250.6056851059543 107.0314191702846 3357.637104276239 597.289225293418 597.289225293418 429.40737007960604 376.8214731825011 5.063256729976914 0.7918923376575947 717.2080328540234
86.32000000000004 25.244630976181128 1.8961767642288478 3352.6835257352986 107.01388875041862 3459.697414485717 601.3737388873261 601.3737388873261 428.38886816304023 375.8898222521756 5.063260873459993 0.8077583909981945 718.198711084423
87.32000000000004 24.758912749612588 1.9636182780210332 3462.509863663002 106.99398762225451 3569.5038512852566 606.1624789629426 606.1624789629426 427.68728639867976 374.9468195843351 5.063265221367202 0.8248934882953661 719.196443118342
88.32000000000004 24.2578579555756 2.037178173895351 3581.872458311679 106.97129115756294 3688.8437494692416 611.2329096312424 611.2329096312424 426.7907221577803 373.9921563489216 5.063269796545123 0.8434335465355828 720.2014549745624
89.32000000000004 23.741178651464093 2.1176165553148865 3711.6493413924095 106.94527777120315 3818.594619163613 616.7258761885671 616.7258761885671 425.79614523038646 373.0252654109219 5.063274625360218 0.8635352218213005 721.2142388010508
90.32000000000004 23.208570315239914 2.2058221240665934 3853.1764939899545 106.91530183747462 3960.091795827429 622.6413786349169 622.6413786349169 424.63678884354545 372.04560871501127 5.063279738445571 0.8853804513783338 722.235247469791
91.32000000000004 22.659710694517234 2.302839647014779 4007.048171860029 106.88055753537984 4113.9287293954085 629.4019528593166 629.4019528593166 423.7055163895461 371.05260000278923 5.063285171617101 0.9091816095197831 723.2649754640116
92.32000000000004 22.094258542828705 2.4099046168676734 4174.978183324857 106.84003005188742 4281.818213376745 637.0075988617663 637.0075988617663 422.91668819292903 370.0458388115281 5.06329096704627 0.935188437445137 724.3037169897482
92.52499999999999 22.094258542828705 2.4099046168676734 4177.014725704365 106.84003005188742 4283.854755756252 636.1625270837163 636.1625270837163 421.9697892959037 369.83714793452583 5.063292239629211 0.9349113504337092 724.5183845646083
93.52499999999999 21.530377546049305 2.5245770076291976 4355.636397298371 106.79404452317932 4462.43044182155 644.1202863270202 644.1202863270202 420.99876423594264 368.814939788569 5.063298447472837 0.9624319619264288 725.5666733006649
94.52499999999999 20.966496549269902 2.647955946602343 4546.441362799301 106.74154458390522 4653.182907383207 652.4301588111782 652.4301588111782 419.7710134420179 367.77824139477246 5.063305111662895 0.9917002658787553 726.6244760577298
95.525 20.402615552490502 2.7809614393505884 4749.671844605271 106.68138270707674 4856.353227312348 661.4442577770444 661.4442577770444 418.626596411427 366.72673239344516 5.063312284098417 1.0228889180587581 727.6919926008276
96.525 19.838734555711106 2.924639326048251 4968.206657667865 106.61216603955381 5074.818823707418 670.5992020392524 670.5992020392524 416.8582608538815 365.6602989742708 5.0633200247436445 1.0561944259826463 728.7692117677611
97.525 19.274853558931706 3.0801825588606193 5201.099811601966 106.53219374842202 5307.632005350389 680.740063375852 680.740063375852 415.3584631083325 364.5784806711234 5.063328403235005 1.0918405153434412 729.856471471141
98.525 18.71097256215231 3.248956781571221 5448.899892959682 106.43937544199585 5555.339268401677 692.1485323795264 692.1485323795264 414.3815689594425 363.4813415827784 5.063337500883557 1.1300844735268625 730.9535810907282
99.525 18.14709156537291 3.432531223042453 5714.808463914442 106.33112394212587 5821.139587856567 704.33165051308 704.33165051308 413.2746711202517 362.36915250535463 5.063347413188613 1.1712229827527045 732.0601503228773
100.525 17.583210568593508 3.6327161847523617 6002.373203629831 106.20421287887352 6108.577416508704 716.8668818874879 716.8668818874879 411.43801106205274 361.2418955841951 5.063358253020883 1.2155990700403831 733.1760835461847
101.525 17.019329571814108 3.851608748601708 6310.113820838404 106.05458539806567 6416.16840623647 730.8105662253122 730.8105662253122 410.0021459134887 360.0992884993637 5.063370154690063 1.2636116902344625 734.3015489340023
102.525 16.455448575034712 4.091648776634551 6639.976284594221 105.87709397372392 6745.853378567946 746.2331261747241 746.2331261747241 408.94045724632684 358.9417954780111 5.063383279192839 1.3157294965327635 735.4359836890802
103.525 15.891567578255314 4.355687844812349 6999.99314466331 105.66514141497413 7105.658286078284 761.8669540686484 761.8669540686484 406.5840397647342 357.7700010280098 5.063397821054643 1.3725052527662818 736.5787216014954
104.525 15.327686581475916 4.647074477476329 7385.3298146738225 105.4101776424592 7490.739992316281 779.6134614076977 779.6134614076977 405.0764617918837 356.5836506957161 5.0634140173532325 1.434593730858488 737.7299243427882
105.525 14.763805584696518 4.969759947580065 7801.462073361168 105.10098128075528 7906.563054641923 798.9444783305906 798.9444783305906 403.6163255984945 355.3839451927757 5.063432159767769 1.5027813540344948 738.8883516055549
106.525 14.199924587917113 5.328429971828608 8254.107586809158 104.72261216424523 8358.830198973403 819.5078915964731 819.5078915964731 401.5663816478029 354.1718380870669 5.063452610884459 1.578016641470723 740.0530272134218
107.525 13.636043591137716 5.728668758006424 8742.705922759562 104.25484557034102 8846.960768329902 842.2544069556512 842.2544069556512 399.9063685391561 352.94816192386133 5.063475826595334 1.661454704938094 741.2231124911938
108.525 13.072162594358318 6.177162698956647 9275.17429480542 103.66976095198812 9378.844055757407 866.6206432227585 866.6206432227585 397.6784404348882 351.71467987010334 5.063502387369586 1.754519208711102 742.3969046581981
109.525 12.50828159757892 6.681950508527699 9850.86428719187 102.92789040848912 9953.79217760036 893.5925174721866 893.5925174721866 395.9029085921686 350.47296220546957 5.063533042706198 1.858981831037563 743.5729187753636
110.525 11.944400600799522 7.252721784119185 10478.002725275164 101.97177701972231 10579.974502294886 922.7474938149104 922.7474938149104 393.7487687001661 349.2257048419873 5.0635687755997685 1.9770790490017183 744.7486423155262
111.52500000000002 11.380519604020117 7.901148114689787 11158.583518122061 100.71453601689346 11259.298054138953 954.6489534362964 954.6489534362964 391.68405072934877 347.97568176610844 5.063610898145609 2.1116713697463028 745.921538916461
112.52500000000002 10.81663860724072 8.64117208276398 11903.596470406781 99.01782105818353 12002.614291464964 988.6630925028074 988.6630925028074 388.5323779295592 346.7266981795805 5.063661196930766 2.266480006289552 747.0881594992678
113.51 10.261215825413023 9.475379755531742 12691.974064290636 96.68652837355476 12788.66059266419 1025.7406167647498 1025.7406167647498 386.30758713154034 345.5014804470206 5.063721246078783 2.443518531496474 748.2275602369353
114.51 9.740410230457021 10.367100679731024 13490.22565330263 93.52177127070657 13583.747424573337 1062.571661758094 1062.571661758094 383.3842905294272 344.2687431280025 5.063796185961915 2.6370049431687326 749.369060588237
115.51 9.323543371814626 11.163807222872741 14162.259185676081 89.78426380909936 14252.043449485182 1093.5576269532594 1093.5576269532594 380.9554544790003 343.05213260169256 5.063888779680199 2.8152022547616538 750.4909365585777
116.51 9.00021372843474 11.828582159712434 14698.905128306324 85.4696481279608 14784.374776434284 1117.4778531152847 1117.4778531152847 378.2591142935705 341.8532512771588 5.064000073894946 2.9704502519019758 751.5920176051815
117.51 8.7632970401636 12.326312701757082 15080.617926732088 80.60419397761505 15161.222120709703 1134.33234024417 1134.33234024417 376.27123420868475 340.6714603598332 5.06412976399437 3.0947460821150403 752.673187578877
118.51 8.608029197625497 12.627718454500819 15308.299564548308 75.24731873600219 15383.54688328431 1142.7830580246696 1142.7830580246696 373.605713860454 339.50516676174857 5.064275763186493 3.1807319634163345 753.7361742312141
119.51 8.531477708373584 12.71311369158292 15356.406573735432 69.49030246805525 15425.89687620349 1144.0506656917446 1144.0506656917446 372.7558218815701 338.3507604946927 5.0644340418773375 3.2227677863310378 754.7844980236752
120.0 8.522225566535042 12.673357072765958 15330.322324779487 66.55760299292501 15396.879927772412 1140.6703785795446 1140.6703785795446 370.82638219092405 337.79063090295045 5.064514817338328 3.2263059512501004 755.2918093483047
121.0 8.676896740564603 11.973923407634548 14752.55401117369 54.234768045007094 14806.788779218696 1110.6703304587709 1110.6703304587709 370.3308914978361 336.6471446081589 5.064680468050646 3.129267258437965 756.3247854487158
121.02284625138107 8.673059118879792 11.987537910657121 14772.805895030839 54.38850284149557 14827.194397872332 1110.4825367303154 1110.4825367303154 369.1228168366988 336.62127544358634 5.064683953039628 3.13140453344927 756.3481130817208
122.02284625138107 8.995687663225047 10.976774709750927 13938.199227848852 45.22188363111429 13983.421111479965 1066.5153300556606 1066.5153300556606 367.3442744816623 335.4837280577277 5.064836799543492 2.9501216615931436 757.372129522134
123.02284625138107 9.31373390379496 10.140108295234876 13212.285326435154 39.45270735997733 13251.73803379513 1028.6983679879245 1028.6983679879245 366.1114662981679 334.3420230084165 5.064966619001954 2.790398771113637 758.3964381422134
124.02284625138107 9.627197840589574 9.417766134905253 12556.637265516221 35.14941156217908 12591.7866770784 994.5785949491572 994.5785949491572 364.9892610952371 333.1951265281692 5.065078273442083 2.6486357654078696 759.4220153983947
125.02284625138108 9.936079473608848 8.784193406277113 11959.636878773237 31.730625766799996 11991.367504540038 963.0996712167961 963.0996712167961 363.5312959897942 332.04399647176336 5.06517537167895 2.52199778198551 760.4480530393957
126.02284625138108 10.24037880285282 8.223150246457404 11412.067687170658 28.918649533467942 11440.986336704125 933.8977464419585 933.8977464419585 361.84842960675223 330.8896715689647 5.065260642927442 2.408218215526362 761.4736818025367
127.02284625138108 10.540095828321453 7.722861024396691 10905.925640691366 26.55290110548228 10932.478541796849 906.9258721925304 906.9258721925304 360.3019451026879 329.73324430358207 5.065336185730204 2.3054631312640157 762.4979961701642
128.02284625138108 10.835230550014757 7.274247453338539 10439.231228057766 24.529995958429996 10463.761224016198 881.6206672831455 881.6206672831455 358.4326060823356 328.57591161047253 5.065403637792029 2.212232913267607 763.5200098880555
129.02284625138108 11.125782967932748 6.870066831646119 10004.389432520235 22.778631252728967 10027.168063772964 858.3107707386006 858.3107707386006 356.9523675499524 327.41846364266615 5.0654642943142925 2.127288234764389 764.539106142289
130.02284625138108 11.411753082075412 6.504413362208474 9601.770685504322 21.247223105851717 9623.017908610173 836.3389045093015 836.3389045093015 355.1880090787929 326.26197481320247 5.065519192030621 2.0495973758671577 765.5544259512529
131.02284625138108 11.693140892442763 6.172396925671804 9226.648388885695 19.8971200835988 9246.545508969291 815.8459138915899 815.8459138915899 353.5186384431254 325.1069935030276 5.065569169894953 1.9782928265172655 766.5655795043921
132.02284625138108 11.969946399034786 5.869921156342119 8876.759286224416 18.698571445925722 8895.45785767034 796.6909535891241 796.6909535891241 351.91806070560705 323.954175588012 5.065614913617386 1.9126410395132818 767.572086925127
133.02284625138108 12.242169601851469 5.593522660195147 8550.553051479812 17.628184347638012 8568.181235827451 778.6627556573915 778.6627556573915 350.2536938660189 322.8040578068055 5.0656569887885885 1.8520171222865927 768.5735762408061
134.02284625138108 12.50981050089285 5.340250551682679 8244.969545377457 16.66724341135188 8261.636788788808 761.8669540686484 761.8669540686484 348.785114629208 321.65700750649864 5.065695865810817 1.795885311182323 769.5698252464717
135.02284625138108 12.77286909615892 5.1075739428833655 7960.211551726569 15.800557883457655 7976.0121096100265 745.857538717813 745.857538717813 347.0569332373117 320.5134642612427 5.0657319390585425 1.7437840603342365 770.5605503056618
136.02284625138108 13.031345387649647 4.893309544866165 7693.3289447375155 15.015646147343487 7708.344590884859 730.8105662253122 730.8105662253122 345.39333668106923 319.3735314505187 5.065765541450161 1.6953128883947863 771.5457594426011
137.02284625138108 13.285239375365062 4.695564159431057 7441.9474147158735 14.302144065331904 7456.2495587812045 716.8668818874879 716.8668818874879 344.0544039484277 318.2374414449542 5.065796955930833 1.6501233713186978 772.5253481134774
138.02284625138108 13.53455105930515 4.512688438222431 7208.350430699139 13.651366374638213 7222.001797073777 703.2048881423468 703.2048881423468 342.10479828865795 317.1055246336283 5.065826424462026 1.6079109501715927 773.4991270392844
139.02284625138108 13.779280439469924 4.343239321808058 6987.804957577914 13.055975542869712 7000.860933120784 690.5288114715974 690.5288114715974 340.4857648155582 315.97752463962365 5.0658541551516585 1.5684070944527373 774.4674101817094
140.02284625138108 14.01942751585937 4.185949262063181 6780.055700511741 12.509727757319062 6792.565428269059 678.627383930727 678.627383930727 338.999112517274 314.8536898865105 5.065880327976582 1.5313758335573258 775.4300753085299
141.02284625138108 14.254992288473503 4.039700810210569 6585.134470348206 12.007275363949377 6597.141745712155 667.2189149270525 667.2189149270525 337.3618276414448 313.7341199690523 5.065905099363428 1.4966080387822172 776.3871267220585
142.02284625138108 14.485974757312295 3.903505493098772 6401.666567762337 11.54401132324081 6413.210579085578 656.3738271087446 656.3738271087446 335.71329815446575 312.6187233071724 5.065928605923356 1.4639176238139846 777.338730006191
143.02284625138108 14.712374922375773 3.776486147414884 6228.699484368384 11.115945410156355 6239.81542977854 646.0921204758035 646.0921204758035 334.10134898687653 311.5074631731919 5.065950967505754 1.433138812054258 778.2850011891392
144.02284625138108 14.934192783663924 3.6578620643309843 6066.154387500849 10.719604717029169 6076.873992217879 636.1625270837163 636.1625270837163 332.31882747282236 310.4003084335715 5.065972289702156 1.4041233907336492 779.2260490940961
145.02284625138108 15.151428341176763 3.5469364344275927 5911.365453009057 10.35195298438682 5921.717405993444 627.1014796857362 627.1014796857362 331.015609386064 309.29709260551 5.065992665918368 1.3767382495185594 780.1620949260538
146.02284625138108 15.364081594914273 3.4430856873109232 5766.089166744041 10.010324674664691 5776.099491418707 618.2282260162115 618.2282260162115 329.42325144527615 308.19799890813965 5.066012179102433 1.3508642007112013 781.0930608714272
147.02284625138108 15.572152544876468 3.3457504008868555 5628.966010362928 9.692370702196724 5638.658381065125 609.730559803598 609.730559803598 327.79764075034177 307.10276528863415 5.066030903174258 1.326393152677041 782.0192443199661
148.02284625138108 15.77564119106334 3.254427517926577 5498.930918168226 9.396013460535839 5508.326931628761 601.7493263442373 601.7493263442373 326.33297976279925 306.01126197841785 5.0660489042512244 1.3032275907978308 782.9408276485389
149.0228462513811 15.974547533474896 3.168663656762695 5376.661677476622 9.119409325476386 5385.781086802098 593.9089381812181 593.9089381812181 324.6198838411132 304.9234572797905 5.066066241666429 1.281279305945137 783.857908046079
150.0228462513811 16.168871572111097 3.0880493418977157 5260.0074465831285 8.860917213686903 5268.868363796815 586.7258280677934 586.7258280677934 323.2824098779526 303.83908424688093 5.066082968832721 1.260467891773324 784.770778600243
151.0228462513811 16.35861330697201 3.012214011352829 5150.349958251205 8.619072080216732 5158.969030331422 579.6131406025396 579.6131406025396 321.6646890859685 302.75821357359746 5.066099133989433 1.2407206341157924 785.6794457261476
152.0228462513811 16.543772738057587 2.94082168250103 5046.382083134295 8.392562469632338 5054.774645603927 572.85256637814 572.85256637814 320.1138340979436 301.6805486461053 5.06611478082302 1.2219707680619525 786.5842226290403
153.0228462513811 16.724349865367845 2.8735671782455725 4947.118858930509 8.18021141382547 4955.299070344336 566.6553733391069 566.6553733391069 318.8904198218901 300.60597877875546 5.0661299490222165 1.2041575469443442 787.4852637945364
154.0228462513811 16.900344688902795 2.810172831740073 4854.2343862082 7.980960108025621 4862.215346316226 560.3173350037321 560.3173350037321 317.20656768792077 299.5345309405842 5.066144674739646 1.1872255628239963 788.382606482392
155.0228462513811 17.0717572086624 2.7503856011787855 4765.471462100928 7.793853904976608 4773.265316005904 554.5113788989814 554.5113788989814 315.8481130986862 298.4657994247898 5.066158990991821 1.1711235016139014 789.2766482844279
156.0228462513811 17.238587424646692 2.6939745371210346 4681.459499077487 7.618030252756323 4689.077529330243 548.9088660000575 548.9088660000575 314.45498953354536 297.3998029068889 5.06617292804988 1.1558047717714646 790.1674294149453
157.0228462513811 17.40083533685567 2.6407285538238345 4602.158126537027 7.452708269634314 4609.610834806661 543.4158994427329 543.4158994427329 312.93535770239987 296.33636225085183 5.066186513660209 1.1412263082488006 791.0551538291892
158.0228462513811 17.55850094528931 2.5904544635122653 4526.478078482703 7.297179703643215 4533.775258186346 538.3454687744331 538.3454687744331 311.65670586511584 295.27524706526293 5.066199773387658 1.1273484054547873 791.9400662855822
159.0228462513811 17.711584249947634 2.542975238711704 4455.01459539889 7.1508010681877545 4462.165396467078 533.3806720783896 533.3806720783896 310.2724022550357 294.2164232396991 5.066212730829697 1.1141346923775937 792.8222461068531
160.0228462513811 17.860085250830647 2.4981284729325814 4387.354600683622 7.012986780310658 4394.367587463933 528.5919320027731 528.5919320027731 308.87355262957647 293.1596691021555 5.066225407815753 1.1015513906343295 793.7019273814733
161.0228462513811 18.004003947938315 2.455765014323066 4323.491007380728 6.883203156928843 4330.374210537656 523.8970887913844 523.8970887913844 307.3783782645016 292.1048109997729 5.066237824595862 1.0895673460154254 794.5793025044791
162.0228462513811 18.143340341270672 2.4157477505380767 4262.88144822816 6.760963147798667 4269.6424113759585 519.4369877405652 519.4369877405652 305.95486717176726 291.05163094022845 5.06625 1.0781536960652913 795.4545991660059
