0.0000 34.6100 0.0000 0.0000 158.0542 158.0542 436.5800 436.5800 432.7300 354.9600 3.9970 0.5500 737.6500
1.3600 34.6100 0.0000 0.0000 212.7496 212.7496 464.1900 464.1900 459.5900 354.8500 3.9970 0.5500 737.7700
2.7200 34.6100 0.0000 0.0000 254.6856 254.6856 485.3600 485.3600 480.1900 354.7000 3.9970 0.5500 737.9200
4.0900 34.6100 0.0000 0.0000 284.5937 284.5937 500.4300 500.4300 494.8900 354.5300 3.9970 0.5500 738.1000
5.4500 34.6100 0.0000 0.0000 302.1043 302.1043 509.2900 509.2900 503.5000 354.3400 3.9970 0.5500 738.3000
6.8100 34.6100 0.0000 0.0000 308.0190 308.0190 512.2400 512.2400 506.3900 354.1500 3.9970 0.5500 738.5000
8.1700 34.6100 0.2263 364.4851 237.4877 601.9729 660.9700 660.9700 651.8800 353.8500 3.9970 0.5500 738.8000
9.5400 34.6100 0.2459 393.0503 232.8758 625.9260 673.3300 673.3300 664.0200 353.4600 3.9970 0.5500 739.2100
10.9000 34.6100 0.2746 434.7952 219.3509 654.1461 688.2000 688.2000 678.3500 353.0500 3.9970 0.5500 739.6300
12.2600 34.6100 0.2892 456.6435 204.5621 661.2056 692.3900 692.3900 682.4600 352.6300 3.9970 0.5500 740.0400
13.6200 34.6100 0.2968 468.5501 192.1111 660.6612 692.7700 692.7700 682.8300 352.2100 3.9970 0.5500 740.4400
14.9900 34.6100 0.3014 475.9089 183.5409 659.4499 692.7100 692.7100 682.8500 351.7800 3.9970 0.5500 740.8500
16.3500 34.6100 0.3045 480.6869 177.9457 658.6326 693.0100 693.0100 683.0700 351.3600 3.9970 0.5500 741.2500
17.7100 34.6100 0.3084 486.1517 175.1651 661.3168 694.9300 694.9300 685.0600 350.9300 3.9970 0.5500 741.6600
19.0700 34.6100 0.3103 488.7401 173.6757 662.4159 696.1700 696.1700 686.2500 350.5000 3.9970 0.5500 742.0700
20.4400 34.6100 0.3110 489.7490 173.0057 662.7547 696.9700 696.9700 687.0500 350.0700 3.9970 0.5500 742.4800
21.8000 34.6100 0.3113 489.9037 172.5431 662.4469 697.5000 697.5000 687.5200 349.6400 3.9970 0.5400 742.8900
23.8800 34.5900 0.3116 490.1240 172.6437 662.7677 698.3200 698.3200 688.3700 348.9800 3.9970 0.5400 743.5100
25.9700 34.5200 0.3127 491.8098 171.6330 663.4428 698.7600 698.7600 688.8600 348.3200 3.9970 0.5500 744.1400
28.0500 34.4000 0.3144 494.1942 171.5671 665.7613 699.6000 699.6000 689.6300 347.6600 3.9970 0.5500 744.7800
30.1400 34.2300 0.3168 497.5677 172.1174 669.6851 700.7100 700.7100 690.6600 346.9900 3.9970 0.5500 745.4100
32.2200 34.0100 0.3201 502.4174 172.6172 675.0346 701.9200 701.9200 691.8200 346.3200 3.9970 0.5500 746.0500
34.3100 33.7400 0.3245 508.9822 171.8249 680.8070 702.7700 702.7700 692.5800 345.6500 3.9970 0.5600 746.6900
36.3900 33.4300 0.3295 516.5350 171.9533 688.4884 703.9900 703.9900 693.6600 344.9700 3.9970 0.5600 747.3400
38.4700 33.0600 0.3357 525.6943 171.9663 697.6606 705.3000 705.3000 694.7800 344.2800 3.9970 0.5700 748.0000
40.5600 32.6500 0.3433 537.1610 171.4712 708.6322 706.6500 706.6500 696.0500 343.5900 3.9970 0.5800 748.6600
42.6400 32.1800 0.3518 549.8730 171.6767 721.5498 708.2400 708.2400 697.4500 342.8800 3.9970 0.5900 749.3300
44.7300 31.6600 0.3615 564.4699 171.9354 736.4053 709.9100 709.9100 698.9000 342.1700 3.9970 0.6000 750.0000
46.8100 31.0800 0.3733 582.1853 171.6194 753.8047 711.8600 711.8600 700.5600 341.4500 3.9970 0.6100 750.6900
48.9000 30.4600 0.3865 602.0717 171.3995 773.4712 713.7300 713.7300 702.1700 340.7200 3.9970 0.6200 751.3800
50.9800 29.7700 0.4018 624.8907 171.8932 796.7840 716.1400 716.1400 704.2000 339.9800 3.9970 0.6400 752.0900
53.0700 29.0300 0.4199 652.1886 170.2835 822.4721 718.1500 718.1500 705.8600 339.2200 3.9970 0.6600 752.8100
55.1500 28.2400 0.4402 682.5077 170.9372 853.4449 721.0100 721.0100 708.2100 338.4500 3.9970 0.6800 753.5500
57.2400 27.3800 0.4642 718.3141 170.5836 888.8977 723.8700 723.8700 710.5500 337.6600 3.9980 0.7000 754.3000
59.3200 26.4600 0.4922 760.0352 171.1342 931.1694 727.3900 727.3900 713.4600 336.8500 3.9980 0.7300 755.0700
61.4000 25.4800 0.5251 808.8713 170.8407 979.7120 730.9000 730.9000 716.2100 336.0200 3.9980 0.7700 755.8700
63.4900 24.4300 0.5640 866.6280 171.0235 1037.6515 734.9400 734.9400 719.3800 335.1600 3.9980 0.8100 756.6800
65.5700 23.3100 0.6114 936.6426 169.9014 1106.5440 739.3000 739.3000 722.7100 334.2700 3.9980 0.8500 757.5300
67.6600 22.1200 0.6686 1020.9224 169.2410 1190.1633 744.3600 744.3600 726.4900 333.3500 3.9980 0.9100 758.4000
69.7400 20.9200 0.7349 1118.0120 168.8427 1286.8547 750.0300 750.0300 730.7500 332.4100 3.9980 0.9700 759.2700
71.8300 19.7100 0.8125 1230.9099 167.6633 1398.5732 756.2700 756.2700 735.3100 331.4300 3.9980 1.0500 760.1300
73.9100 18.5100 0.9034 1362.5218 166.7408 1529.2626 762.8400 762.8400 739.8800 330.4300 3.9980 1.1400 761.0100
76.0000 17.3100 1.0111 1517.6103 167.4753 1685.0856 770.0100 770.0100 744.7000 329.3900 3.9980 1.2400 761.9300
78.0800 16.1000 1.1415 1704.9019 166.0772 1870.9790 777.2900 777.2900 749.2500 328.3200 3.9980 1.3600 762.8800
80.1700 14.9000 1.3007 1932.4478 163.7053 2096.1531 784.8400 784.8400 753.4100 327.2000 3.9980 1.5200 763.8700
82.2500 13.7000 1.4983 2213.7885 160.3608 2374.1493 792.6900 792.6900 757.0900 326.0400 3.9980 1.7100 764.9000
84.3300 12.4900 1.7478 2566.9020 157.3263 2724.2283 800.8600 800.8600 759.9900 324.8100 3.9980 1.9600 765.9800
86.4200 11.2900 2.0706 3022.2506 150.5503 3172.8009 808.8000 808.8000 761.2100 323.5200 3.9980 2.2900 767.1200
88.5000 10.1000 2.4911 3613.2276 137.6349 3750.8624 815.6600 815.6600 759.3900 322.1700 3.9980 2.7600 768.3100
90.5900 9.2500 2.8787 4156.1138 119.5469 4275.6607 818.6000 818.6000 754.4800 320.8200 3.9980 3.2400 769.5100
92.6700 8.7800 3.1150 4486.1595 99.5451 4585.7046 816.9000 816.9000 748.1200 319.4900 3.9980 3.5700 770.6800
94.4600 8.6500 3.1535 4538.2262 88.8328 4627.0589 812.1500 812.1500 742.7500 318.3700 3.9990 3.6700 771.6700
98.6300 9.8000 2.4312 3534.5576 24.2366 3558.7942 773.5800 773.5800 720.2000 315.8600 3.9990 2.9400 773.8900
102.8000 11.0400 1.9326 2832.9137 12.3694 2845.2831 749.7900 749.7900 707.1100 313.5600 3.9990 2.4200 775.9200
106.9700 12.2000 1.5929 2350.4641 8.4783 2358.9425 731.8200 731.8200 696.4400 311.4700 4.0000 2.0800 777.7000
111.1400 13.2700 1.3519 2005.7747 6.5489 2012.3236 717.4800 717.4800 687.3000 309.5300 4.0000 1.8300 779.3100
115.3100 14.2700 1.1748 1751.3747 5.2586 1756.6333 705.5300 705.5300 679.1800 307.7300 4.0000 1.6500 780.8200
119.4800 15.1900 1.0412 1558.3956 4.3841 1562.7797 695.4700 695.4700 672.0300 306.0200 4.0000 1.5200 782.2500
123.6500 16.0300 0.9379 1408.8173 3.7677 1412.5850 686.9400 686.9400 665.7500 304.4000 4.0000 1.4100 783.6000
127.8200 16.8000 0.8570 1291.0343 3.3299 1294.3642 679.7100 679.7100 660.2900 302.8400 4.0000 1.3200 784.9000
135.7900 18.0500 0.7453 1127.9555 2.6985 1130.6540 668.8600 668.8600 651.9000 300.0000 4.0000 1.2000 787.2800
