24.0 34.08890226614017 1.1044822598759068 1984.987643574115 107.18559459371441 2092.17323816783 572.359607840944 572.359607840944 493.9031114096504 426.77967553323435 5.063110473936124 0.6318815428157013 654.3958202497673
25.0 34.08890226614017 1.1044822598759068 1985.5321075333025 107.18559459371441 2092.7177021270168 571.8666493037482 571.8666493037482 493.38973547398507 426.1118076931937 5.06311256557565 0.6309189234449698 655.3942593031699
26.000000000000004 34.08890226614017 1.1044822598759068 1987.0877188452657 107.18559459371441 2094.27331343898 570.4581963403316 570.4581963403316 491.92294708636985 425.44231722256364 5.063114655659645 0.6299619085323118 656.3899101057475
27.0 34.08890226614017 1.1044822598759068 1988.1377564808408 107.18559459371441 2095.3233510745554 569.5074905900254 569.5074905900254 490.93286492472964 424.770865645933 5.063116744216797 0.6290099826602703 657.3832719836212
28.0 34.08890226614017 1.1044822598759068 1988.1377564808408 107.18559459371441 2095.3233510745554 569.5074905900254 569.5074905900254 490.93286492472964 424.09759990297607 5.0631188312750615 0.6280633259222927 658.3741215973017
29.0 34.08890226614017 1.1044822598759068 1989.5378066616076 107.18559459371441 2096.723401255322 568.2398829229505 568.2398829229505 489.61275537587596 423.42284394171725 5.06312091686279 0.627122357345348 659.3619820252396
30.0 34.08890226614017 1.1044822598759068 1990.237831751991 107.18559459371441 2097.4234263457056 567.6060790894131 567.6060790894131 488.9527006014492 422.74613208493 5.0631230010090675 0.6261863934968731 660.3475335872723
31.0 34.08890226614017 1.1044822598759068 1991.4823208015616 107.18559459371441 2098.6679153952764 566.4793167186798 566.4793167186798 487.77926989135693 422.0676753232209 5.063125083742032 0.6252556964744111 661.3304650291851
32.0 34.08890226614017 1.1044822598759068 1993.0379321135251 107.18559459371441 2100.2235267072397 565.0708637552632 565.0708637552632 486.3124815037417 421.3872821958956 5.063127165090326 0.6243299734268192 662.3110504241037
33.0 34.08890226614017 1.1044822598759068 1994.4379822942917 107.18559459371441 2101.623576888006 563.8032560881883 563.8032560881883 484.99237195488803 420.7048355205373 5.063129245082266 0.6234090397019295 663.2894523141281
34.0 34.08890226614017 1.1044822598759068 1994.4379822942917 107.18559459371441 2101.623576888006 563.8032560881883 563.8032560881883 484.99237195488803 420.0203694102968 5.063131323746025 0.6224929172253197 664.2656150285114
35.0 34.08890226614017 1.1044822598759068 1995.838032475059 107.18559459371441 2103.0236270687733 562.5356484211134 562.5356484211134 483.67226240603435 419.33432551833596 5.063133401109945 0.6215821649384247 665.2389077999553
36.00000000000001 34.08890226614017 1.1044822598759068 1996.7713992622369 107.18559459371441 2103.9569938559516 561.6905766430633 561.6905766430633 482.79218937346513 418.64623136685674 5.063135477203271 0.620676123714795 666.2100002119233
37.0 34.08890226614017 1.1044822598759068 1997.704766049415 107.18559459371441 2104.8903606431295 560.8455048650134 560.8455048650134 481.912116340896 417.9562237688947 5.063137552054447 0.6197749470184837 667.1786952679735
38.0 34.08890226614017 1.1044822598759068 1998.6381328365928 107.18559459371441 2105.8237274303074 560.0004330869634 560.0004330869634 481.03204330832693 417.26428712744985 5.063139625692265 0.6188785855539876 668.1450128726384
39.0 34.08890226614017 1.1044822598759068 2000.193744148556 107.18559459371441 2107.3793387422706 558.5919801235468 558.5919801235468 479.5652549207117 416.5704057845602 5.063141698145581 0.6179869903223472 669.1089731450236
40.0 34.08890226614017 1.1044822598759068 2001.438233198127 107.18559459371441 2108.6238277918414 557.4652177528135 557.4652177528135 478.39182421061946 415.8743580159513 5.063143769443326 0.6170998511048587 670.0708803789787
41.0 34.08890226614017 1.1044822598759068 2001.9049165917156 107.18559459371441 2109.09051118543 557.0426818637886 557.0426818637886 477.951787694335 415.1762298283844 5.063145839614179 0.6162172539355544 671.0306111532773
42.0 34.08890226614017 1.1044822598759068 2002.8382833788935 107.18559459371441 2110.023877972608 556.1976100857386 556.1976100857386 477.0717146617658 414.47626342164097 5.063147908687086 0.6153394759882893 671.9878321595586
43.0 34.08890226614017 1.1044822598759068 2003.771650166072 107.18559459371441 2110.9572447597866 555.3525383076886 555.3525383076886 476.1916416291966 413.7742884415212 5.063149976691491 0.6144662731844593 672.9427774263515
44.0 34.08890226614017 1.1044822598759068 2005.6383837404276 107.18559459371441 2112.823978334142 553.6623947515887 553.6623947515887 474.4314955640584 413.07028901634345 5.063152043656685 0.6135975978259947 673.8954682622971
45.0 34.08890226614017 1.1044822598759068 2005.6383837404276 107.18559459371441 2112.823978334142 553.6623947515887 553.6623947515887 474.4314955640584 412.3639364438871 5.06315410961206 0.6127330211207997 674.8463462197642
46.0 34.08890226614017 1.1044822598759068 2007.0384339211946 107.18559459371441 2114.224028514909 552.3947870845137 552.3947870845137 473.11138601520463 411.65583965592174 5.063156174586691 0.6118732606422258 675.7945919675532
47.0 34.08890226614017 1.1044822598759068 2007.0384339211946 107.18559459371441 2114.224028514909 552.3947870845137 552.3947870845137 473.11138601520463 410.9455135064596 5.063158238610635 0.6110176973599806 676.7408575859232
47.32 34.08890226614017 1.1044822598759068 2008.4384841019614 107.18559459371441 2115.624078695676 551.1271794174388 551.1271794174388 471.79127646635095 410.7180281344572 5.063158898803532 0.6107451465739465 677.0428595808814
48.32 34.08337173529861 1.1048048182404309 2009.958656480145 107.18554676805363 2117.1442032481987 550.2821076393889 550.2821076393889 470.8892000175814 410.00488515680973 5.063160961618193 0.6100047981198996 677.9863443438262
49.32 34.06677811240619 1.1057734914938278 2012.6553469792714 107.18540303999451 2119.8407500192657 549.4370358613389 549.4370358613389 469.94300773561645 409.2895620098674 5.063163024361961 0.6094874432918678 678.9277826497345
50.32 34.039115302630954 1.1073912813817097 2016.5356591961363 107.18516265356008 2123.720821849696 548.591964083289 548.591964083289 468.9524332639254 408.5719016720988 5.063165088687448 0.6091927959240969 679.8673802712111
51.32000000000001 34.000373135474455 1.1096632151291517 2021.6103965593788 107.1848243395809 2128.79522089896 547.7468923052389 547.7468923052389 467.91707152152793 407.8517450510634 5.063167156253544 0.609121134307932 680.8053421379775
52.32000000000001 33.950537346047746 1.112596382249592 2028.129193914885 107.18438630170591 2135.3135802165907 546.6905525826764 546.6905525826764 466.6162933245543 407.12893066612463 5.063169228732052 0.6092733052555528 681.741872742406
53.32000000000001 33.88958954874545 1.1161999867550345 2034.6978898410985 107.1838461964568 2141.881736037555 546.6905525826764 546.6905525826764 466.36998748126814 406.4032142281051 5.063171307814457 0.6096506399382279 682.6772795117255
54.32000000000001 33.81750720320363 1.12048541546214 2043.6930335308173 107.18320110695326 2150.8762346377703 545.6342128601141 545.6342128601141 464.9763540611977 405.6748296733652 5.063173395218798 0.610255608980287 683.6112525945914
55.32000000000001 33.734263572394454 1.1254663233117774 2053.728648484596 107.18244750981238 2160.9110959944082 544.789141082064 544.789141082064 463.7549749822737 404.94320614280286 5.0631754926973445 0.611090366658248 684.5445131834489
56.32000000000001 33.639827672674315 1.1311587368621288 2064.1156601637067 107.18158123458743 2171.297241398294 544.789141082064 544.789141082064 463.365494529628 404.20824945700537 5.063177602043312 0.6121582433285648 685.4771649402858
57.32000000000001 33.53416421556638 1.1375811773828657 2076.796090427983 107.18059741495381 2183.976687842937 543.9440693040141 543.9440693040141 462.044943509904 403.47010691690747 5.063179725099265 0.6134634916438546 686.4090059877024
58.32000000000001 33.417233541019584 1.1447548052765393 2089.8919347291753 107.17949043067188 2197.0714251598474 543.9440693040141 543.9440693040141 461.5538908605198 402.7282720666599 5.063181863765725 0.6150103075463089 687.3406582045571
59.320000000000014 33.28899154184618 1.1527035878905212 2105.376970989562 107.17825383914484 2212.5552248287067 543.0989975259641 543.0989975259641 460.12817659488763 401.9828860417339 5.06318402000954 0.6168043330127042 688.271924328987
60.320000000000014 33.149389578996576 1.1614544931669726 2121.35958730923 107.17688029514557 2228.5364676043755 543.0989975259641 543.0989975259641 459.5288799908001 401.23342904551373 5.063186195874102 0.6188512267375957 689.203431176988
61.320000000000014 32.99837438728519 1.1710377120196143 2139.851930644169 107.17536145699431 2247.0272921011633 542.2539257479142 542.2539257479142 457.9904022941206 400.4800346467325 5.063188393489209 0.6211581815813646 690.134987516199
62.320000000000014 32.835887971131335 1.1814869128365748 2158.9450960182808 107.17368787712334 2266.1187838954042 542.2539257479142 542.2539257479142 457.27447135183655 399.72216745759425 5.063190615082936 0.6237325037147539 691.0672274357004
63.320000000000014 32.661867489827785 1.1928395321010583 2179.688995173272 107.17184887330791 2286.8608440465796 542.2539257479142 542.2539257479142 456.4966440961675 398.95995187852327 5.063192862993515 0.6265831513712754 691.9999672830173
64.32000000000002 32.47624513179127 1.2051371058256757 2202.1595172337547 107.16983238323002 2309.3293496169845 542.2539257479142 542.2539257479142 455.6540751372773 398.1931733418701 5.063195139683441 0.629719695622298 692.9334393970329
65.32000000000002 32.27894797718932 1.2184256472938035 2226.440731165644 107.16762478835169 2333.608355953996 542.2539257479142 542.2539257479142 454.74361239963935 397.4216095327876 5.06319744775425 0.6331527689885988 693.8678813284405
66.32000000000002 32.06989784826947 1.232756077592886 2252.625672250581 107.16521071240582 2359.790882962987 542.2539257479142 542.2539257479142 453.7617676368022 396.645029750008 5.063199789963186 0.6368941556818549 694.8035364417995
67.32000000000002 31.849011146644568 1.2481847165538682 2280.817238893206 107.16257278479497 2387.979811678001 542.2539257479142 542.2539257479142 452.70468280998915 395.86319421862123 5.06320216924176 0.6409568943309042 695.7406545543818
68.32000000000002 31.616198676707633 1.264773843084418 2311.1292161746196 107.15969136331063 2418.2889075379303 542.2539257479142 542.2539257479142 451.56809171524185 395.07585334958094 5.063204588716505 0.6453553949521147 696.6794926163429
69.32000000000002 31.37136545426142 1.2825923355185243 2342.6035629645553 107.15654420841585 2449.7601071729714 543.0989975259641 543.0989975259641 451.2329935069777 394.28274694005825 5.063207051732276 0.6501055722379719 697.620315437321
70.32000000000002 31.114410499351695 1.3017164045707217 2377.5311198807717 107.15310609958586 2484.684225980358 543.0989975259641 543.0989975259641 449.92333905170074 393.4839577538857 5.063209561878503 0.6552253889349489 698.5629792623259
71.32000000000002 30.845226612185638 1.3222304338549755 2413.879778445141 107.14934838204596 2521.029126827187 543.9440693040141 543.9440693040141 449.40547704799457 392.6788513253059 5.063212123019077 0.6607338615614402 699.5081837576515
72.32000000000002 30.563700130899 1.3442279458016493 2452.900522194665 107.1452384295346 2560.0457606242 544.789141082064 544.789141082064 448.78742505865654 391.867490968027 5.063214739325709 0.6666528220759599 700.4558019101429
73.32000000000002 30.269710669803885 1.3678127143019243 2495.9347282181557 107.14073900530326 2603.075467223459 544.789141082064 544.789141082064 447.1738110611843 391.04957253501743 5.063217415316742 0.6730059721914711 701.4061357486576
74.32000000000002 29.96313083660372 1.393100049680618 2540.8981178483978 107.13580749923268 2648.0339253476304 545.6342128601141 545.6342128601141 446.33294065957796 390.22440914724245 5.063220155900966 0.679819125414528 702.3599229181484
75.32000000000002 29.643825926898444 1.4202182868410458 2588.8562096394776 107.1303950134223 2695.9866046529 546.6905525826764 546.6905525826764 445.5910549081927 389.3920276695994 5.063222966428039 0.6871217311775815 703.3170677969044
76.32000000000002 29.31165359412215 1.4493105138895743 2640.3527940079607 107.12444526153435 2747.477239269495 547.7468923052389 547.7468923052389 444.71649583263286 388.55216786479986 5.063225852747095 0.6949461162999674 704.277804847371
77.32000000000002 28.9664634928513 1.4805365865556188 2695.985389640057 107.11789323804433 2803.1032828781013 548.591964083289 548.591964083289 443.4755909753602 387.70445857315946 5.063228821274167 0.7033280863140778 705.2424901578784
78.32000000000002 28.60809689319406 1.5140754836929986 2754.4947127407077 107.11066360170896 2861.605376342417 550.2821076393889 550.2821076393889 442.97190602654825 386.848411807723 5.063231879070698 0.7123073904207428 706.2116049309104
79.32000000000004 28.236386263714262 1.5501280716259205 2818.7687630651426 107.10266870209976 2925.8714317672425 551.1271794174388 551.1271794174388 441.4070007261672 385.9839977363824 5.063235033935299 0.7219289307359388 707.1851063170484
80.32000000000004 27.851154820054873 1.5889203608023974 2886.617921942857 107.09380615771512 2993.7117281005717 552.8173229735387 552.8173229735387 440.55313316976725 385.11039187889764 5.063238294511608 0.7322419839159935 708.163840860745
81.32000000000004 27.452216036099152 1.630707358083605 2958.851785696736 107.08395586726135 3065.9357415639975 555.0708477150052 555.0708477150052 440.09825740635534 384.22752174456156 5.063241670415108 0.7433027335040159 709.1478021704191
82.32000000000004 27.03937311413862 1.6757776432842852 3037.3182568490465 107.072976299765 3144.3912331488114 557.0426818637886 557.0426818637886 439.1280106207082 383.3351675126543 5.063245172383912 0.7551741537668122 710.1371474171541
83.32000000000004 26.612418410097302 1.724458830966843 3121.90037522384 107.06069986086413 3228.9610750847046 559.1553613089135 559.1553613089135 438.06932099323706 382.43268142790674 5.063248812458147 0.767926746734062 711.1325018026281
84.32000000000004 26.171132809385863 1.7771241202456074 3212.728598594046 107.04692706709018 3319.7755256611367 561.6905766430633 561.6905766430633 437.1989944307707 381.5195821042631 5.063252604194883 0.7816405145062422 712.1342960152629
85.32000000000004 25.715285048415485 1.8342001895581865 3311.7027330831656 107.0314191702846 3418.7341522534502 563.9793127086153 563.9793127086153 435.77678199911094 380.5954933007696 5.063256562927381 0.7964064358398207 713.1428378333802
86.32000000000004 25.244630976181128 1.8961767642288478 3418.515683779835 107.01388875041862 3525.5295725302535 566.6553733391069 566.6553733391069 434.44801436922234 379.65967044961997 5.0632607060795385 0.8123277519881104 714.1588279640873
87.32000000000004 24.758912749612588 1.9636182780210332 3532.61944562439 106.99398762225451 3639.613433246645 570.4581963403316 570.4581963403316 433.97269259358245 378.71164200177714 5.063265053549836 0.8295229971813853 715.1826588887027
88.32000000000004 24.2578579555756 2.037178173895351 3657.1907862574803 106.97129115756294 3764.1620774150433 574.2610193415566 574.2610193415566 433.10494143849246 377.7512812230356 5.06326962818369 0.8481288749183897 716.2143459008307
89.32000000000004 23.741178651464093 2.1176165553148865 3793.5207043263904 106.94527777120315 3900.4659820975935 578.0638423427813 578.0638423427813 431.7963680141215 376.7778428219502 5.063274456358877 0.8683024537562578 717.2545637635283
90.32000000000004 23.208570315239914 2.2058221240665934 3941.2541806450704 106.91530183747462 4048.169482482545 582.7117371220562 582.7117371220562 430.9053815289608 375.7905231490161 5.063279568717011 0.890226057237492 718.3040354833769
91.32000000000004 22.659710694517234 2.302839647014779 4101.918830619532 106.88055753537984 4208.799388154912 588.2047036793809 588.2047036793809 430.37472662357175 374.78891689258785 5.063285001085814 0.9141131381937485 719.3630493059176
92.32000000000004 22.094258542828705 2.4099046168676734 4278.841844679723 106.84003005188742 4385.681874731611 593.9089381812181 593.9089381812181 429.4458678787827 373.7725753239384 5.063290795652976 0.9402143767465405 720.4319334822803
92.52499999999999 22.094258542828705 2.4099046168676734 4280.8783870592315 106.84003005188742 4387.7184171111185 593.0638664031682 593.0638664031682 428.5244257615012 373.5616499096645 5.063292068051622 0.9399258900383343 720.6530520185178
93.52499999999999 21.530377546049305 2.5245770076291976 4469.598119665359 106.79404452317932 4576.392164188539 598.9793688495179 598.9793688495179 427.36466269244767 372.5284523289034 5.06329827486088 0.9675445812144576 721.7326937190608
94.52499999999999 20.966496549269902 2.647955946602343 4671.1938536289235 106.74154458390522 4777.935398212829 605.3174071848927 605.3174071848927 426.1448297519116 371.47922367018526 5.063304937977457 0.9969154899352319 722.8232416644241
95.525 20.402615552490502 2.7809614393505884 4885.782499574193 106.68138270707674 4992.46388228127 612.5005172983174 612.5005172983174 425.2831217127698 370.41361575151586 5.063312109312156 1.028211737760564 723.9248956763183
96.525 19.838734555711106 2.924639326048251 5117.528271224396 106.61216603955381 5224.14043726395 619.5427821154003 619.5427821154003 423.6375157180022 369.3315256083028 5.063319848845277 1.0616304293198795 725.0376006931047
97.525 19.274853558931706 3.0801825588606193 5363.13502724746 106.53219374842202 5469.6672209958815 628.1343451922417 628.1343451922417 423.0218244048961 368.23224865031426 5.063328226235046 1.097395562473091 726.1619175331197
98.525 18.71097256215231 3.248956781571221 5628.965603415779 106.43937544199585 5735.404978857774 636.725908269083 636.725908269083 421.64822156191644 367.1161154139308 5.063337322821408 1.1357655811380252 727.2973460173073
99.525 18.14709156537291 3.432531223042453 5914.717469182713 106.33112394212587 6021.048593124839 646.0921204758035 646.0921204758035 420.30279823362207 365.9824999218706 5.063347234142389 1.177036594764006 728.4443632676197
100.525 17.583210568593508 3.6327161847523617 6224.173906739949 106.20421287887352 6330.378119618823 655.810445923378 655.810445923378 418.4212664376721 364.8312652677477 5.063358073120203 1.22155231017136 729.6029469336174
101.525 17.019329571814108 3.851608748601708 6555.04398131681 106.05458539806567 6661.098566714875 667.2189149270525 667.2189149270525 417.4277186752447 363.6620070391446 5.063369974132606 1.2697124614955024 730.7733439879808
102.525 16.455448575034712 4.091648776634551 6913.137500233515 105.87709397372392 7019.0145942072395 679.4724557087769 679.4724557087769 416.25940842600545 362.4752456769171 5.0633830982658035 1.321986973777485 731.9548798475394
103.525 15.891567578255314 4.355687844812349 7303.664826574119 105.66514141497413 7409.329967989092 692.1485323795264 692.1485323795264 414.2986585799354 361.2709829245758 5.063397640164321 1.3789289195612693 733.1474089292286
104.525 15.327686581475916 4.647074477476329 7726.0067365537725 105.4101776424592 7831.416914196231 706.3034846618633 706.3034846618633 412.62535037950465 360.0489624489755 5.06341383706426 1.4411945511440354 734.3510448944918
105.525 14.763805584696518 4.969759947580065 8184.169201505442 105.10098128075528 8289.270182786198 721.9373125557877 721.9373125557877 411.08968070130527 358.80974602968564 5.063431980854994 1.509570850618891 735.5651025262426
106.525 14.199924587917113 5.328429971828608 8683.94746872806 104.72261216424523 8788.670080892305 738.8387481167869 738.8387481167869 409.26362008332535 357.5540096927042 5.0634524344051846 1.5850077895846553 736.7888033027187
107.525 13.636043591137716 5.728668758006424 9227.424694114985 104.25484557034102 9331.679539685327 757.6415951783986 757.6415951783986 407.70361244019887 356.28240713751177 5.06347565398828 1.6686624677622617 738.0214102309444
108.525 13.072162594358318 6.177162698956647 9824.377141051702 103.66976095198812 9928.04690200369 777.7120499070852 777.7120499070852 405.4102910819468 354.9962587541788 5.063502220592289 1.7619604378020293 739.2615644283978
109.525 12.50828159757892 6.681950508527699 10473.886587470066 102.92789040848912 10576.814477878555 800.3529312940071 800.3529312940071 403.7223883735613 353.69661916832956 5.063532884429948 1.8666755587448616 740.5081936061835
110.525 11.944400600799522 7.252721784119185 11187.44263493336 101.97177701972231 11289.414411953083 824.930435505627 824.930435505627 401.57739505738635 352.3859014492367 5.063568629486996 1.98504772993668 741.7589588848172
111.52500000000002 11.380519604020117 7.901148114689787 11969.843548360976 100.71453601689346 12070.558084377868 851.9727324032258 851.9727324032258 399.3268042390557 351.06642492264587 5.063610769257727 2.119941365738124 743.011662144985
112.52500000000002 10.81663860724072 8.64117208276398 12831.00262377175 99.01782105818353 12930.020444829934 881.3389766904621 881.3389766904621 396.4632100093396 349.74150609231816 5.063661092332594 2.2750827187173 744.263214040594
113.51 10.261215825413023 9.475379755531742 13757.288715312918 96.68652837355476 13853.975243686471 913.310858960019 913.310858960019 393.7867873217764 348.4350931326737 5.063721175245737 2.4524874364823117 745.4912437136687
114.51 9.740410230457021 10.367100679731024 14702.521307620147 93.52177127070657 14796.043078890854 945.6348544704302 945.6348544704302 390.7832390120233 347.1128739443557 5.063796163511349 2.6463309751678294 746.7281816113599
115.51 9.323543371814626 11.163807222872741 15505.456033172342 89.78426380909936 15595.240296981443 973.2405325533956 973.2405325533956 388.4190214165915 345.8003405730588 5.063888823899019 2.8247649545396993 747.9502934863389
116.51 9.00021372843474 11.828582159712434 16152.629100892073 85.4696481279608 16238.098749020033 994.5785949491572 994.5785949491572 385.6498918609059 344.500528738737 5.064000202879707 2.9801130071043933 749.155046369226
117.51 8.7632970401636 12.326312701757082 16617.06922800396 80.60419397761505 16697.67342198157 1009.6842529818003 1009.6842529818003 383.5214996574914 343.2139856705201 5.064129993208174 3.104359965456508 750.3422361749956
118.51 8.608029197625497 12.627718454500819 16892.991844876622 75.24731873600219 16968.239163612623 1017.28989898425 1017.28989898425 380.9809303487766 341.94034501196506 5.064276102733346 3.1901435701690364 751.5124910924724
119.51 8.531477708373584 12.71311369158292 16962.558865724084 69.49030246805525 17032.049168192138 1017.7124348732749 1017.7124348732749 379.01059106606976 340.67728551407015 5.064434494185827 3.231829311271806 752.668204774557
120.0 8.522225566535042 12.673357072765958 16924.31190495325 66.55760299292501 16990.869507946176 1014.8955289464417 1014.8955289464417 377.7379223984601 340.06370412503213 5.064515321765 3.235146123905631 753.22794275798
121.0 8.676896740564603 11.973923407634548 16226.951099961205 54.234768045007094 16281.18586800621 987.5363301320741 987.5363301320741 376.9918600818412 338.8112878033158 5.064681072589716 3.137388215704927 754.3670802365181
121.02284625138107 8.673059118879792 11.987537910657121 16253.38176091647 54.38850284149557 16307.770263757964 986.9729489467074 986.9729489467074 375.43156405578384 338.78305551573726 5.064684559211654 3.1395212172222657 754.3927071355818
122.02284625138107 8.995687663225047 10.976774709750927 15249.616704286771 45.22188363111429 15294.838587917886 947.0433074338467 947.0433074338467 373.4868603869261 337.5408177947892 5.064837477241409 2.957361233998827 755.5180948148796
123.02284625138107 9.31373390379496 10.140108295234876 14385.183537011066 39.45270735997733 14424.636244371042 913.0291683673357 913.0291683673357 372.1053092034217 336.30048907255025 5.064967334488576 2.7968855809472033 756.6374911526777
124.02284625138107 9.627197840589574 9.417766134905253 13615.142819109675 35.14941156217908 13650.292230671854 882.1840484685122 882.1840484685122 370.29808981831764 335.0601181335783 5.065079003407313 2.654470368702151 757.7527836582191
125.02284625138108 9.936079473608848 8.784193406277113 12920.950854078006 31.730625766799996 12952.681479844807 853.6628759593258 853.6628759593258 367.9373204651455 333.8198614703137 5.065176099930699 2.5272623805814094 758.8639461484584
126.02284625138108 10.24037880285282 8.223150246457404 12280.325648152773 28.918649533467942 12309.24429768624 828.3107226178269 828.3107226178269 366.71406145459287 332.5802574830609 5.065261358228364 2.4129811905661263 759.9706115945952
127.02284625138108 10.540095828321453 7.722861024396691 11697.429521373893 26.55290110548228 11723.982422479374 804.4374448879154 804.4374448879154 364.7881040449388 331.3429581553413 5.0653368803457886 2.3097845386986258 761.0714282568723
128.02284625138108 10.835230550014757 7.274247453338539 11160.509878970304 24.529995958429996 11185.039874928736 782.4655786586163 782.4655786586163 363.0265833487887 330.1083693539481 5.065404306481618 2.2161625303870385 762.1661645537241
129.02284625138108 11.125782967932748 6.870066831646119 10666.964898541835 22.778631252728967 10689.743529794563 761.8669540686484 761.8669540686484 361.0015717013523 328.87732919448376 5.065464933636714 2.1308694088326448 763.2542091843924
130.02284625138108 11.411753082075412 6.504413362208474 10208.926582749107 21.247223105851717 10230.17380585496 742.9936843588658 742.9936843588658 359.36216663930486 327.65028493596895 5.065519799844224 2.0528665111796984 764.3353008917717
131.02284625138108 11.693140892442763 6.172396925671804 9787.356973006008 19.8971200835988 9807.254093089607 725.0046101205617 725.0046101205617 357.23258162970143 326.42797801546686 5.06556974501204 1.981282349323309 765.4089219068321
132.02284625138108 11.969946399034786 5.869921156342119 9395.75209136202 18.698571445925722 9414.450662807943 708.2753188106466 708.2753188106466 355.2334189553487 325.21049780434095 5.065615455539362 1.915378358572049 766.4751288786321
133.02284625138108 12.242169601851469 5.593522660195147 9029.96423093946 17.628184347638012 9047.5924152871 692.9544804641481 692.9544804641481 353.6697648908819 323.9982314409751 5.065657497527968 1.8545262483537572 767.5337160628271
134.02284625138108 12.50981050089285 5.340250551682679 8690.82685981097 16.66724341135188 8707.49410322232 678.3769922927862 678.3769922927862 351.8459634219492 322.7916751346696 5.065696341793068 1.7981879096968527 768.5843829982597
135.02284625138108 12.77286909615892 5.1075739428833655 8374.812937284769 15.800557883457655 8390.613495168225 664.6836995929026 664.6836995929026 350.0356935240941 321.5908253676562 5.065732382898169 1.7458986561500995 769.6272635368074
136.02284625138108 13.031345387649647 4.893309544866165 8081.0037382652245 15.015646147343487 8096.019384412568 651.5850870331282 651.5850870331282 347.9843601176569 320.39578945562414 5.065765953994715 1.697256131678293 770.662391819429
137.02284625138108 13.285239375365062 4.695564159431057 7804.035513441549 14.302144065331904 7818.3376575068805 639.7540821404287 639.7540821404287 346.5664199839207 319.20646930251104 5.065797338164048 1.651909666761343 771.6899764606385
138.02284625138108 13.53455105930515 4.512688438222431 7547.120401921159 13.651366374638213 7560.771768295796 628.1343451922417 628.1343451922417 344.6054038811493 318.02325643166614 5.065826777467527 1.609553439239211 772.7098001185362
139.02284625138108 13.779280439469924 4.343239321808058 7305.765929995605 13.055975542869712 7318.821905538474 617.3205563286764 617.3205563286764 342.86473487098357 316.84579179124387 5.065854480076321 1.5699175230337161 773.7222896933957
140.02284625138108 14.01942751585937 4.185949262063181 7079.852688401397 12.509727757319062 7092.362416158717 607.0075507409925 607.0075507409925 341.04396013504066 315.6741479392475 5.065880626006153 1.5327645969507637 774.7274958616262
141.02284625138108 14.254992288473503 4.039700810210569 6867.629494218973 12.007275363949377 6879.636769582923 597.289225293418 597.289225293418 339.3028464340584 314.50819074246726 5.065905371707258 1.4978842393724707 775.7256432219698
142.02284625138108 14.485974757312295 3.903505493098772 6667.917835080793 11.54401132324081 6679.461846404034 588.1655799859526 588.1655799859526 337.68576074580136 313.34785993957684 5.065928853805678 1.465089638883133 776.7168890749464
143.02284625138108 14.712374922375773 3.776486147414884 6480.820231575163 11.115945410156355 6491.936176985319 579.3314500098563 579.3314500098563 335.8838433729068 312.19310287370365 5.0659511921523075 1.4342143009963364 777.7013806576866
144.02284625138108 14.934192783663924 3.6578620643309843 6304.087533946003 10.719604717029169 6314.807138663033 571.115474389926 571.115474389926 334.3102066900623 311.04366942276374 5.06597249233109 1.4051090609948529 778.6794296432162
145.02284625138108 15.151428341176763 3.5469364344275927 6138.253182759501 10.35195298438682 6148.605135743888 563.1342409305653 563.1342409305653 332.56154834016945 309.8995399164677 5.065992847739806 1.3776405001092467 779.6511476136576
146.02284625138108 15.364081594914273 3.4430856873109232 5981.48442671918 10.010324674664691 5991.494751393845 555.6694402244573 555.6694402244573 330.98838704718804 308.7604481857762 5.066012341308035 1.351688284279989 780.6168519964637
147.02284625138108 15.572152544876468 3.3457504008868555 5833.873916408835 9.692370702196724 5843.566287111032 548.4863301110327 548.4863301110327 329.352594344369 307.62632387454653 5.066031046947517 1.3271441993118447 781.5766903592867
148.02284625138108 15.77564119106334 3.254427517926577 5694.273277589658 9.396013460535839 5703.669291050194 541.7257558866329 541.7257558866329 327.8381574722506 306.4969514813563 5.066049030757947 1.3039102349472007 782.5309298189395
149.0228462513811 15.974547533474896 3.168663656762695 5563.546189394334 9.119409325476386 5572.66559871981 534.9299703381479 534.9299703381479 325.955010386155 305.3722160915816 5.0660663520550635 1.2818977358285868 783.479749054792
150.0228462513811 16.168871572111097 3.0880493418977157 5439.527786068664 8.860917213686903 5448.38870328235 528.5919320027731 528.5919320027731 324.27735562968496 304.2517177811605 5.066083064235344 1.2610258215689263 784.4235636641092
151.0228462513811 16.35861330697201 3.012214011352829 5321.431260849591 8.619072080216732 5330.050332929808 522.8172748527651 522.8172748527651 322.9403873678973 303.1353820772799 5.0660992155248685 1.2412213288135832 785.3625114908856
152.0228462513811 16.543772738057587 2.94082168250103 5210.923391199491 8.392562469632338 5219.315953669124 516.9017724064153 516.9017724064153 321.17742414382315 302.02320759135085 5.066114849601016 1.222417654227956 786.2966665664509
153.0228462513811 16.724349865367845 2.8735671782455725 5105.87358198055 8.18021141382547 5114.053793394376 511.40880584909047 511.40880584909047 319.63178859680136 300.9147567287559 5.066130006133 1.2045534085089225 787.2264665121528
154.0228462513811 16.900344688902795 2.810172831740073 5006.518292026104 7.980960108025621 5014.49925213413 506.1271072362782 506.1271072362782 318.0833852812483 299.80995444192433 5.066144721264752 1.1875728721398566 788.1520415797091
155.0228462513811 17.0717572086624 2.7503856011787855 4911.846874248998 7.793853904976608 4919.640728153974 501.2914187285478 501.2914187285478 316.8048914227738 298.70860068793985 5.066159028007734 1.171424824620942 789.0736244044064
156.0228462513811 17.238587424646692 2.6939745371210346 4822.8933891395845 7.618030252756323 4830.511419392341 496.4087817887036 496.4087817887036 315.26460356149084 297.61064737148143 5.066172956620744 1.1560624331319702 789.9913181522182
157.0228462513811 17.40083533685567 2.6407285538238345 4738.564992817778 7.452708269634314 4746.017701087412 491.7608870094288 491.7608870094288 313.7852232186508 296.51574951151053 5.066186534841361 1.1414422898188565 790.9054718560848
158.0228462513811 17.55850094528931 2.5904544635122653 4658.747544180028 7.297179703643215 4666.044723883671 487.28513648123834 487.28513648123834 312.3084593356007 295.42374235092933 5.066199788231475 1.1275246440429052 791.8162814974681
159.0228462513811 17.711584249947634 2.542975238711704 4583.417142638169 7.1508010681877545 4590.567943706357 482.8876333399042 482.8876333399042 310.7413354509158 294.33442916431414 5.066212740383934 1.1142728179627788 792.7239676287946
160.0228462513811 17.860085250830647 2.4981284729325814 4512.085299860842 7.012986780310658 4519.098286641152 478.6622744496544 478.6622744496544 309.19608870061114 293.2475625725557 5.066225413130085 1.101652903568348 793.6287909052533
161.0228462513811 18.004003947938315 2.455765014323066 4444.261804503806 6.883203156928843 4451.145007660734 474.7186061520879 474.7186061520879 307.80066836481035 292.16295791357436 5.066237826723723 1.089633642808517 794.5309577603894
162.0228462513811 18.143340341270672 2.4157477505380767 4380.0964390691315 6.760963147798667 4386.85740221693 470.9157831508631 470.9157831508631 306.4086305677282 291.0805014870214 5.06625 1.078186206524569 795.4306138894395
